Container contains 50 elements:
1: It's diagonal matrix. Dimension = 17
0.779 0 0 0 0 0 0 0 0 0 0 0 0 0 0 0 0 
0 -3.4777 0 0 0 0 0 0 0 0 0 0 0 0 0 0 0 
0 0 -7.6189 0 0 0 0 0 0 0 0 0 0 0 0 0 0 
0 0 0 -9.9004 0 0 0 0 0 0 0 0 0 0 0 0 0 
0 0 0 0 -4.6138 0 0 0 0 0 0 0 0 0 0 0 0 
0 0 0 0 0 7.1802 0 0 0 0 0 0 0 0 0 0 0 
0 0 0 0 0 0 -5.8852 0 0 0 0 0 0 0 0 0 0 
0 0 0 0 0 0 0 -8.3877 0 0 0 0 0 0 0 0 0 
0 0 0 0 0 0 0 0 5.847 0 0 0 0 0 0 0 0 
0 0 0 0 0 0 0 0 0 -1.4521 0 0 0 0 0 0 0 
0 0 0 0 0 0 0 0 0 0 -6.7011 0 0 0 0 0 0 
0 0 0 0 0 0 0 0 0 0 0 -7.2168 0 0 0 0 0 
0 0 0 0 0 0 0 0 0 0 0 0 -2.4504 0 0 0 0 
0 0 0 0 0 0 0 0 0 0 0 0 0 -4.281 0 0 0 
0 0 0 0 0 0 0 0 0 0 0 0 0 0 -0.1002 0 0 
0 0 0 0 0 0 0 0 0 0 0 0 0 0 0 6.3049 0 
0 0 0 0 0 0 0 0 0 0 0 0 0 0 0 0 4.2586 
Average: -0.13050378392329257

2: It's diagonal matrix. Dimension = 16
-6.7645 0 0 0 0 0 0 0 0 0 0 0 0 0 0 0 
0 6.976 0 0 0 0 0 0 0 0 0 0 0 0 0 0 
0 0 0.0687 0 0 0 0 0 0 0 0 0 0 0 0 0 
0 0 0 3.7823 0 0 0 0 0 0 0 0 0 0 0 0 
0 0 0 0 -6.9911 0 0 0 0 0 0 0 0 0 0 0 
0 0 0 0 0 -6.6473 0 0 0 0 0 0 0 0 0 0 
0 0 0 0 0 0 -3.099 0 0 0 0 0 0 0 0 0 
0 0 0 0 0 0 0 -4.5258 0 0 0 0 0 0 0 0 
0 0 0 0 0 0 0 0 8.6176 0 0 0 0 0 0 0 
0 0 0 0 0 0 0 0 0 -1.5669 0 0 0 0 0 0 
0 0 0 0 0 0 0 0 0 0 -5.7315 0 0 0 0 0 
0 0 0 0 0 0 0 0 0 0 0 -9.9438 0 0 0 0 
0 0 0 0 0 0 0 0 0 0 0 0 5.5944 0 0 0 
0 0 0 0 0 0 0 0 0 0 0 0 0 2.2112 0 0 
0 0 0 0 0 0 0 0 0 0 0 0 0 0 -1.7131 0 
0 0 0 0 0 0 0 0 0 0 0 0 0 0 0 1.2127 
Average: -0.0723434195748876

3: It's low triangle matrix. Dimension = 7
-3.704 0 0 0 0 0 0 
8.9668 -9.0828 0 0 0 0 0 
7.417 2.3165 -6.5622 0 0 0 0 
-4.1009 -6.0866 -6.9472 5.1431 0 0 0 
-7.4176 -8.2752 -5.1415 4.5322 1.6707 0 0 
0.9522 -7.2501 2.9398 7.7429 3.4157 -8.4549 0 
-7.074 2.2291 0.9762 9.4704 7.3122 -3.2893 -3.1963 
Average: -0.43873086081043666

4: It's low triangle matrix. Dimension = 5
6.7566 0 0 0 0 
8.5522 -4.1893 0 0 0 
7.6528 -6.5632 -6.1849 0 0 
8.2992 -5.0819 -0.6917 -1.7124 0 
-9.3256 4.8379 7.5957 -8.6082 -7.9707 
Average: -0.26533921566722385

5: It's diagonal matrix. Dimension = 12
1.122 0 0 0 0 0 0 0 0 0 0 0 
0 -0.3128 0 0 0 0 0 0 0 0 0 0 
0 0 -4.7451 0 0 0 0 0 0 0 0 0 
0 0 0 -0.5999 0 0 0 0 0 0 0 0 
0 0 0 0 8.5129 0 0 0 0 0 0 0 
0 0 0 0 0 5.4078 0 0 0 0 0 0 
0 0 0 0 0 0 -3.7426 0 0 0 0 0 
0 0 0 0 0 0 0 -8.254 0 0 0 0 
0 0 0 0 0 0 0 0 -0.1963 0 0 0 
0 0 0 0 0 0 0 0 0 -5.0494 0 0 
0 0 0 0 0 0 0 0 0 0 4.6479 0 
0 0 0 0 0 0 0 0 0 0 0 1.5329 
Average: -0.011644057781561714

6: It's square matrix. Dimension = 3
6.1143 4.7502 -2.734 
-1.8559 -3.528 8.7931 
-5.3909 -8.1383 4.3693 
Average: 0.2644245716570425

7: It's square matrix. Dimension = 2
-9.1861 -0.2622 
5.7924 -0.5759 
Average: -1.0579622906469694

8: It's low triangle matrix. Dimension = 16
-8.4305 0 0 0 0 0 0 0 0 0 0 0 0 0 0 0 
6.1549 -0.8998 0 0 0 0 0 0 0 0 0 0 0 0 0 0 
-6.5925 0.1139 1.857 0 0 0 0 0 0 0 0 0 0 0 0 0 
8.9041 -7.9526 -4.2638 -5.825 0 0 0 0 0 0 0 0 0 0 0 0 
-1.995 8.3048 -2.8188 -3.8197 1.3995 0 0 0 0 0 0 0 0 0 0 0 
-8.2244 9.5583 -3.9331 1.5155 2.3931 -2.1286 0 0 0 0 0 0 0 0 0 0 
1.8549 9.0044 -0.1946 8.7688 -7.2146 -3.6908 3.3988 0 0 0 0 0 0 0 0 0 
8.5256 -5.1847 4.0862 4.5063 7.5625 -4.2913 3.1987 -1.4155 0 0 0 0 0 0 0 0 
-8.6548 -1.6808 -4.7722 9.6626 -7.7636 6.9363 0.1788 8.7645 3.905 0 0 0 0 0 0 0 
-5.7023 6.4406 1.1328 0.6959 4.9572 8.7835 -3.8723 -2.8385 5.7766 9.7106 0 0 0 0 0 0 
6.5005 -0.3979 3.1002 -9.1153 -6.7904 -5.1472 -6.4255 -3.6367 6.841 -2.3057 -3.5643 0 0 0 0 0 
-3.9507 -7.3129 8.7083 0.8647 -0.5398 -0.3187 -9.6862 -1.3284 -2.1365 5.3699 -5.2669 0.8078 0 0 0 0 
0.1824 -2.8012 7.8532 -0.6353 5.5376 4.944 8.0004 -0.3927 8.7161 -4.9645 0.497 1.1041 3.1422 0 0 0 
4.3601 -2.779 -2.2359 -6.3699 -6.6095 8.008 8.7968 -3.7081 -6.15 7.7261 -6.9312 0.2942 -4.2061 -1.7282 0 0 
8.1438 6.5242 6.7582 -2.6627 7.0791 -0.2241 6.596 2.4809 -8.0894 -7.627 -8.5893 5.5985 -9.3798 -1.9901 5.7162 0 
-2.2084 -0.2543 -3.813 0.9767 -8.0545 5.5612 7.7119 -2.2931 -2.2173 -0.4154 9.4091 -2.8028 -8.6373 9.0865 3.7589 -9.5114 
Average: 0.13454389639930991

9: It's low triangle matrix. Dimension = 19
5.9756 0 0 0 0 0 0 0 0 0 0 0 0 0 0 0 0 0 0 
-6.3518 8.2404 0 0 0 0 0 0 0 0 0 0 0 0 0 0 0 0 0 
4.858 1.9124 -1.9399 0 0 0 0 0 0 0 0 0 0 0 0 0 0 0 0 
-9.9079 -1.6983 7.351 -3.5847 0 0 0 0 0 0 0 0 0 0 0 0 0 0 0 
1.6935 5.1888 -0.0534 1.8058 -2.4402 0 0 0 0 0 0 0 0 0 0 0 0 0 0 
2.2352 7.0846 2.9965 -5.3413 5.3176 -8.5541 0 0 0 0 0 0 0 0 0 0 0 0 0 
7.1853 -2.3139 -9.2762 -7.1248 -7.5011 9.5608 -9.6331 0 0 0 0 0 0 0 0 0 0 0 0 
3.2395 8.7358 6.9413 3.2023 -5.7828 -3.4091 3.8826 -7.8802 0 0 0 0 0 0 0 0 0 0 0 
-3.7922 6.0193 6.9451 6.4747 -1.9951 -6.4197 -0.9133 -0.7321 -9.4897 0 0 0 0 0 0 0 0 0 0 
1.014 5.8799 -9.5383 7.7494 7.4386 -9.2259 6.9895 4.5262 5.9335 -2.8956 0 0 0 0 0 0 0 0 0 
4.1767 2.4521 -1.9721 7.4836 -6.2704 3.2286 7.3766 5.9342 -1.4564 -8.1204 -7.5184 0 0 0 0 0 0 0 0 
2.0521 -2.9744 0.5841 8.2817 -5.0632 0.816 -4.0239 -9.9415 -8.0355 5.7285 -1.66 2.5486 0 0 0 0 0 0 0 
8.7918 -9.2437 2.7624 -8.773 2.6386 -4.4103 -8.3065 -6.3024 7.9651 0.6826 1.5906 -4.972 -4.3799 0 0 0 0 0 0 
5.9305 -3.5159 2.8929 -0.6314 8.4677 -6.9436 -7.8405 3.295 6.8272 1.3426 8.2938 -1.5479 0.435 1.7009 0 0 0 0 0 
4.6462 2.4854 1.4336 1.6127 7.3459 -2.8332 -7.8626 -1.3911 -2.1888 -4.2291 3.9636 6.0111 -0.4329 -9.2294 5.3148 0 0 0 0 
-1.3407 -6.9186 5.6798 -4.5737 8.0544 -3.381 2.3854 -3.7432 2.9288 8.11 5.9276 5.5777 -6.8153 -3.0049 -1.502 -8.564 0 0 0 
-8.2421 0.8161 -7.0404 9.1204 -8.4822 6.6054 5.7744 1.2448 -6.5735 8.4023 -1.6258 -3.1462 -7.1428 1.5598 -6.4024 8.1651 4.0389 0 0 
0.6127 -1.2211 6.6753 1.0579 -8.2283 -4.0037 -0.4182 6.6664 -5.6753 5.1331 7.5629 7.4316 -8.9835 0.6543 9.0268 3.453 -3.4929 -9.7248 0 
5.284 2.6705 2.1349 1.972 -2.2369 -1.6786 1.241 -4.2039 9.1983 -4.8171 -7.1441 5.913 5.1567 -7.7967 9.5825 9.6592 -6.9787 -5.7845 1.7928 
Average: 0.08306707624639345

10: It's diagonal matrix. Dimension = 15
-7.1036 0 0 0 0 0 0 0 0 0 0 0 0 0 0 
0 -8.4554 0 0 0 0 0 0 0 0 0 0 0 0 0 
0 0 3.719 0 0 0 0 0 0 0 0 0 0 0 0 
0 0 0 9.7803 0 0 0 0 0 0 0 0 0 0 0 
0 0 0 0 -1.7509 0 0 0 0 0 0 0 0 0 0 
0 0 0 0 0 -2.944 0 0 0 0 0 0 0 0 0 
0 0 0 0 0 0 -5.5052 0 0 0 0 0 0 0 0 
0 0 0 0 0 0 0 7.5801 0 0 0 0 0 0 0 
0 0 0 0 0 0 0 0 -9.2815 0 0 0 0 0 0 
0 0 0 0 0 0 0 0 0 -2.5517 0 0 0 0 0 
0 0 0 0 0 0 0 0 0 0 6.3663 0 0 0 0 
0 0 0 0 0 0 0 0 0 0 0 0.5311 0 0 0 
0 0 0 0 0 0 0 0 0 0 0 0 -8.564 0 0 
0 0 0 0 0 0 0 0 0 0 0 0 0 -1.8168 0 
0 0 0 0 0 0 0 0 0 0 0 0 0 0 1.6936 
Average: -0.08134411467682992

11: It's square matrix. Dimension = 5
-7.8145 -9.4412 5.8291 -6.5169 5.1363 
8.1748 4.2024 7.6728 -6.5939 -7.9355 
0.2296 -6.186 -9.8839 -2.4021 -0.7701 
1.5602 7.7974 -8.0577 2.5093 -9.0962 
9.0185 -2.0809 4.7085 -1.8054 6.5263 
Average: -0.6087647291830648

12: It's square matrix. Dimension = 2
-7.3407 0.0471 
-5.5449 8.01 
Average: -1.2070980185160478

13: It's square matrix. Dimension = 11
3.7714 -7.1029 -3.1641 4.7238 1.7003 -2.5969 5.2979 -0.8261 -7.7217 -4.6776 1.2162 
-5.9113 -8.633 2.7838 -4.0702 4.2304 -5.9335 2.0572 7.2244 -5.6277 -3.9521 -6.5269 
-0.569 0.8093 9.7739 -1.2866 1.8827 -3.5697 -1.0874 -6.4147 8.4644 -5.3937 -6.3249 
1.6081 4.5252 7.9632 -2.9077 -8.0488 -5.5578 9.6163 0.6399 -9.8673 8.2356 -0.9981 
-3.6066 -2.3476 0.8013 -1.2643 -6.3247 -5.2773 -2.0581 -4.9743 1.2738 -2.4691 -7.8325 
-0.2526 -2.1149 6.2871 -6.5428 4.4645 -6.0546 5.6 0.4327 -1.8497 -4.1014 6.5037 
-2.8206 -1.7019 -2.1206 0.2884 6.6713 -5.3686 -3.2355 -9.4137 -7.5426 -1.1823 7.6811 
-9.5796 7.9078 7.7615 9.4152 5.2345 -9.4945 -0.1631 7.6382 3.8774 -4.1857 -3.7316 
-7.8842 5.0352 -1.0616 -7.0836 2.159 1.305 -2.6299 -0.2035 -2.1387 -6.4933 1.4187 
4.4288 -4.3147 -5.3285 0.0874 4.4296 -9.3312 5.0585 9.0458 2.8054 -0.4292 8.0158 
7.8206 -7.457 1.0706 8.4263 -5.109 3.6998 -2.5004 -0.6709 6.073 2.0287 8.6508 
Average: -0.4057458627616088

14: It's low triangle matrix. Dimension = 18
2.4582 0 0 0 0 0 0 0 0 0 0 0 0 0 0 0 0 0 
7.2467 2.2336 0 0 0 0 0 0 0 0 0 0 0 0 0 0 0 0 
-0.4377 -8.5619 5.8914 0 0 0 0 0 0 0 0 0 0 0 0 0 0 0 
-9.2277 -8.9798 2.6846 -6.704 0 0 0 0 0 0 0 0 0 0 0 0 0 0 
-5.2229 2.3519 0.8172 9.1968 2.8608 0 0 0 0 0 0 0 0 0 0 0 0 0 
-5.2041 -2.3145 2.9878 -2.618 8.094 4.4836 0 0 0 0 0 0 0 0 0 0 0 0 
8.6501 -4.9401 -0.4947 -5.6311 1.4818 1.5336 6.8319 0 0 0 0 0 0 0 0 0 0 0 
9.1351 1.6191 9.9911 -7.5879 7.9503 4.8978 4.7824 -6.6917 0 0 0 0 0 0 0 0 0 0 
-2.3932 9.6988 7.758 6.5538 -3.9815 8.2088 -2.4255 -1.4842 -0.7261 0 0 0 0 0 0 0 0 0 
-0.1513 -4.4445 9.6987 4.5741 6.8249 -0.6056 -1.3556 -7.1239 8.4376 2.9381 0 0 0 0 0 0 0 0 
8.3281 -6.7755 -6.5641 2.4438 -6.1387 8.5134 -3.5641 -3.6765 8.2638 -8.0183 -3.9671 0 0 0 0 0 0 0 
0.2408 -6.8936 -4.8212 4.3475 2.3408 1.1971 2.1468 4.9765 5.4299 -9.6199 1.2748 6.3514 0 0 0 0 0 0 
-2.4053 0.1012 2.462 -0.6167 4.8322 5.9416 0.2113 0.6832 -1.7258 -3.0909 -3.6208 -9.7365 2.5803 0 0 0 0 0 
-6.1886 0.3185 -3.6498 -5.1069 -9.8381 8.4935 4.7313 8.3588 -2.2895 1.5433 -3.561 0.0023 -5.6453 4.108 0 0 0 0 
-4.5745 -8.8478 -2.2314 -7.4137 6.2595 -9.6742 9.866 8.8074 -8.9071 -6.4957 2.0344 5.9856 -3.9445 4.8157 -9.8944 0 0 0 
-2.9794 5.9017 -7.9966 -9.1072 -1.9467 -4.0715 -6.3821 2.3296 8.0028 -8.2357 4.5837 -1.1161 -6.7624 -9.4137 -8.0953 -9.291 0 0 
-9.5795 9.0608 -7.3015 -5.4184 5.3953 2.1455 3.4212 3.4117 -4.0053 -9.5654 -6.1718 -3.0105 4.0743 3.9116 -4.8943 -6.0461 2.7098 0 
2.7653 -0.9112 6.3036 9.2751 9.7968 0.1468 8.5545 -7.2203 2.2484 4.4981 1.4412 4.2885 7.7466 -2.438 6.8186 5.6487 0.3925 2.4463 
Average: 0.05375702038338001

15: It's square matrix. Dimension = 20
-9.4528 -6.6207 -6.1146 -3.265 0.0071 -6.9199 -6.8707 -2.1697 -4.6209 9.0636 -9.6962 -4.3513 0.3635 -8.9014 -5.7142 7.866 6.5962 7.5625 -7.2493 -7.1317 
-2.7542 6.7129 -0.71 3.0627 -9.1613 6.4955 -8.8387 -1.6955 -2.5 0.3205 4.0873 -5.9421 2.1705 -0.5963 -5.2379 -7.7681 8.6763 -6.2313 2.7074 8.8956 
6.133 -9.2119 2.191 0.5436 8.2344 -8.2852 -6.2861 8.3887 4.4009 -3.4313 -6.7896 0.6063 -4.072 5.4026 -3.4639 -3.3589 -9.7491 -6.5545 -2.451 -6.9265 
7.5449 -4.9422 -2.7803 2.6353 -2.2621 -1.7348 1.5776 -3.0589 2.5099 -2.5548 3.2938 -1.32 -7.1011 -7.1179 4.2204 -1.713 1.3892 -1.43 -1.3729 -1.375 
3.5489 9.3901 -3.5549 -7.8283 -5.833 -4.1967 -7.9468 -7.0956 7.4212 9.8764 -3.6299 -8.1438 -7.9999 0.6117 -4.4202 -7.5924 0.5575 1.8695 -4.6705 9.3627 
7.6665 -1.3165 -6.2527 -4.847 3.9668 9.2918 1.5577 7.3826 -5.9268 8.9352 3.16 1.3069 -9.1265 -7.6522 -3.1571 6.1187 -4.7401 -0.7644 2.3331 -7.7295 
-2.7869 -6.0633 7.7828 4.2527 -1.4045 9.4002 -7.4776 1.6624 6.0913 1.4487 -4.4514 4.4307 1.2575 -4.311 8.9855 4.0204 -4.452 5.1662 -7.8749 -6.2873 
8.1179 -8.7418 -4.1506 3.0807 -9.2934 0.0074 4.123 -9.5287 -7.8614 2.2845 -5.9859 8.4439 1.0855 0.1612 8.235 -9.9198 8.9204 -2.2219 -6.6457 5.3041 
-2.549 0.2584 -7.4708 -8.8181 -5.9285 8.9183 7.5882 1.3886 5.655 2.2454 4.9002 -1.8899 -1.6803 5.9782 -9.0508 3.5888 3.1803 -3.3048 -7.0802 -4.9055 
-7.0745 -4.2654 -2.4368 -0.6773 -5.4633 -9.41 1.0342 -0.5213 -6.8143 3.9028 -8.0877 4.5707 2.1569 1.1909 -7.6137 6.9052 3.4362 -8.7861 -0.9227 -7.4872 
-5.476 -9.7423 -3.9999 4.5414 9.505 -8.6282 -4.6999 -1.8886 -9.6045 6.4446 -8.7213 4.6578 -3.4892 7.8154 -6.1064 -6.8975 -4.5149 5.0325 -6.6644 -1.5122 
0.3948 0.7776 -7.5638 0.7726 -1.2046 -2.8549 -2.1844 6.9226 2.4858 -8.3062 -3.7319 -5.6381 4.0142 -3.2522 6.1409 4.2969 0.1729 -1.5575 -5.3544 7.9414 
-0.7964 0.8155 4.0984 1.0998 -7.8696 4.0676 -7.8602 -4.517 -0.9834 1.7441 -6.4714 6.6663 3.2286 -5.3898 -9.526 -8.5835 6.1453 7.0275 3.2285 1.6475 
-3.3448 -9.3402 -8.2854 -0.7842 -1.7567 -7.2213 -7.3242 6.6403 6.2499 -1.6803 -2.9964 0.8776 -0.5645 -5.2325 -2.8647 9.0484 4.0431 -0.5145 -1.6986 8.5551 
-6.8488 -3.9843 -8.1533 -4.6353 2.6726 5.6385 7.2996 2.1069 -8.4215 -0.0127 0.4461 -2.0512 -1.4727 4.0162 2.6353 -3.0172 -9.9833 5.7784 -0.9006 4.2784 
-3.888 5.9285 2.3075 7.3329 -2.5794 -1.5911 3.3112 1.2065 -7.5603 -9.0689 -7.2229 -0.0058 4.701 -6.8031 -7.1538 3.2569 -8.6411 -4.8794 -9.2174 -8.2642 
-5.6995 -0.1328 6.6244 -1.9487 -1.9616 -6.1236 -9.3055 -1.5554 3.66 1.8155 7.3407 -2.0175 1.5812 4.082 -0.6342 2.0305 4.3184 0.0398 -5.724 -9.7897 
8.394 3.9913 -6.5198 -1.7378 -7.3799 2.062 8.5979 -4.393 1.5115 2.4422 1.2419 -5.3139 8.6479 -0.6275 -8.7792 -1.4789 3.2985 5.22 1.4722 -6.167 
3.5961 6.2768 8.9919 -3.7595 1.8215 7.4097 -9.3024 4.7981 -2.5408 -0.03 1.1684 4.5293 5.8201 -4.6649 6.9244 -8.07 9.7785 -8.2617 9.475 4.5702 
-5.1716 8.1037 8.5564 -7.146 -3.4706 -1.1203 5.8452 -6.0485 -8.8921 4.8795 8.9136 -9.2948 9.5637 7.2327 2.3631 5.4582 8.8245 3.7863 0.1219 9.3464 
Average: -0.702188330941553

16: It's low triangle matrix. Dimension = 12
-1.9452 0 0 0 0 0 0 0 0 0 0 0 
5.3516 5.7871 0 0 0 0 0 0 0 0 0 0 
2.601 -0.415 -4.4429 0 0 0 0 0 0 0 0 0 
-0.3064 -0.6793 8.4676 7.0614 0 0 0 0 0 0 0 0 
-3.4758 7.2754 7.3959 -7.0282 -8.2031 0 0 0 0 0 0 0 
-3.5862 5.7697 -3.1524 -1.6725 -6.4948 -4.8605 0 0 0 0 0 0 
-9.1603 -9.7338 -4.5118 -2.5346 7.1064 4.2714 -3.8847 0 0 0 0 0 
-4.078 -1.4207 7.6761 9.7493 -6.9087 -2.0716 -2.9021 2.906 0 0 0 0 
-4.5818 -5.8328 1.0329 3.2175 6.6926 7.6746 8.4085 -6.2196 7.6834 0 0 0 
6.5801 0.8086 -2.9032 8.5841 -2.96 -9.3813 -6.9937 1.2387 -4.552 -6.7238 0 0 
1.3254 -2.6975 -4.3423 6.5631 2.9523 -8.9275 2.3295 5.6385 6.4462 -5.5559 6.6277 0 
5.0682 5.9842 -2.7233 4.9931 -7.9625 9.7008 7.4965 -5.8751 9.6847 5.6377 -7.155 -8.1837 
Average: 0.11630756885227037

17: It's diagonal matrix. Dimension = 8
-0.8297 0 0 0 0 0 0 0 
0 -9.6947 0 0 0 0 0 0 
0 0 -0.771 0 0 0 0 0 
0 0 0 0.1632 0 0 0 0 
0 0 0 0 9.4754 0 0 0 
0 0 0 0 0 -0.09 0 0 
0 0 0 0 0 0 7.5648 0 
0 0 0 0 0 0 0 -0.524 
Average: 0.08271658336222382

18: It's diagonal matrix. Dimension = 6
9.0859 0 0 0 0 0 
0 2.872 0 0 0 0 
0 0 5.1515 0 0 0 
0 0 0 -1.11 0 0 
0 0 0 0 2.542 0 
0 0 0 0 0 -3.4794 
Average: 0.41838697450920515

19: It's diagonal matrix. Dimension = 1
-3.6007 
Average: -3.6006908798238353

20: It's low triangle matrix. Dimension = 16
-6.8473 0 0 0 0 0 0 0 0 0 0 0 0 0 0 0 
-5.2022 -0.1389 0 0 0 0 0 0 0 0 0 0 0 0 0 0 
0.4986 6.4983 0.584 0 0 0 0 0 0 0 0 0 0 0 0 0 
-6.1995 -0.7839 -5.5238 -7.5105 0 0 0 0 0 0 0 0 0 0 0 0 
4.3021 -0.4443 -0.0939 -9.8452 -3.2985 0 0 0 0 0 0 0 0 0 0 0 
-0.2308 -3.456 -8.0256 -9.5187 -4.1447 3.102 0 0 0 0 0 0 0 0 0 0 
-4.6968 -9.4493 -1.356 -2.977 8.6516 -7.6351 -8.8338 0 0 0 0 0 0 0 0 0 
1.0067 -9.2884 8.2098 6.6769 -6.6095 -3.9342 1.894 2.8753 0 0 0 0 0 0 0 0 
9.1464 -0.6826 6.0515 5.2152 -5.4371 -9.7244 -1.1578 -7.6658 0.3582 0 0 0 0 0 0 0 
-2.9181 -2.7203 -8.4192 -7.834 1.9769 6.1426 -7.1846 8.2397 8.843 -2.7774 0 0 0 0 0 0 
1.1607 -1.6301 -9.0778 -2.2756 -2.7489 1.7269 5.3194 8.2359 9.6513 0.7495 2.768 0 0 0 0 0 
4.974 -6.9441 4.268 3.0761 0.3908 7.982 -2.2021 7.3805 0.0499 2.1247 -3.7756 -4.7225 0 0 0 0 
-1.8393 7.4309 7.5303 -5.6826 -3.0326 -9.6186 8.644 -6.7287 7.037 -2.7666 3.0757 -3.7956 -6.3933 0 0 0 
-6.1128 -4.835 3.6266 -2.8501 -1.6807 -7.3988 4.7231 -0.8844 -3.7691 -2.6275 -7.3182 -7.5722 -1.6975 -3.9467 0 0 
5.5273 -7.7856 8.2229 -6.318 5.0814 7.926 9.2389 0.5568 -9.2075 -6.5645 -6.4259 2.581 -1.5605 5.4091 8.3866 0 
4.9975 -3.7806 7.2319 6.3986 -4.62 -4.6405 5.5982 -3.2863 -9.6193 6.4593 -7.5458 9.5543 7.9363 6.1191 6.0766 -7.0671 
Average: -0.3102096030869805

21: It's low triangle matrix. Dimension = 1
9.2852 
Average: 9.28520311614717

22: It's low triangle matrix. Dimension = 18
3.7167 0 0 0 0 0 0 0 0 0 0 0 0 0 0 0 0 0 
-7.9843 -5.3841 0 0 0 0 0 0 0 0 0 0 0 0 0 0 0 0 
7.41 -5.2577 -5.9473 0 0 0 0 0 0 0 0 0 0 0 0 0 0 0 
-4.4729 3.9141 -1.6304 3.982 0 0 0 0 0 0 0 0 0 0 0 0 0 0 
9.3266 -6.6045 5.8868 -7.525 0.1998 0 0 0 0 0 0 0 0 0 0 0 0 0 
-9.778 -9.9544 -9.348 2.5881 -0.1405 6.2494 0 0 0 0 0 0 0 0 0 0 0 0 
1.2102 -3.5109 -5.5852 8.9401 -5.6712 -5.554 -2.2658 0 0 0 0 0 0 0 0 0 0 0 
2.0234 3.4161 1.1673 -7.2463 -0.5677 8.3191 0.7508 2.865 0 0 0 0 0 0 0 0 0 0 
-4.048 -1.7678 8.7046 4.1044 6.0567 5.105 -5.2916 -5.6287 -3.2577 0 0 0 0 0 0 0 0 0 
2.1226 -1.8102 3.1496 8.262 0.6326 4.7189 -7.5807 -2.9598 -8.7086 4.5757 0 0 0 0 0 0 0 0 
7.6996 6.5109 -2.602 2.5117 8.5908 -9.4215 3.6397 -3.1791 -4.4348 -5.0466 3.0089 0 0 0 0 0 0 0 
-2.7058 -1.0215 3.8431 3.587 0.2739 7.391 4.8461 6.6582 -8.2005 -9.8659 -5.4872 -4.2499 0 0 0 0 0 0 
-7.9746 7.99 -5.8578 2.8943 1.0429 -3.0604 -9.1715 7.0763 4.4713 -0.4986 -0.1559 0.4546 -4.1789 0 0 0 0 0 
2.9775 3.8747 -5.2967 -7.236 8.0139 -6.9385 7.1793 8.7077 1.1647 8.9714 9.2035 -4.5367 7.4921 6.8586 0 0 0 0 
1.2728 -9.223 -3.6866 1.392 0.0556 2.8289 -3.4347 7.0039 -3.6664 3.8385 7.0151 -1.3647 3.8586 6.7695 1.2105 0 0 0 
-6.5618 -4.2774 -3.5648 -3.0661 8.4668 3.8739 1.9758 -5.003 -1.1113 -8.2676 -4.0923 -9.1155 -6.7121 3.7831 7.1786 6.1705 0 0 
6.7387 7.1064 2.3799 7.028 4.3538 -2.6236 1.8499 9.9404 7.3998 -3.9849 7.1307 -7.0076 7.0346 9.3937 9.557 6.6352 0.3498 0 
7.5815 7.787 -9.0819 -9.7268 8.619 6.5018 2.2379 6.2714 -5.1882 4.1516 -1.1631 -3.4546 2.4022 -6.939 0.4863 -1.1324 6.5532 -0.1507 
Average: 0.28491840179832717

23: It's square matrix. Dimension = 16
-0.2428 4.6645 5.8227 7.5844 -9.2997 7.0449 1.5918 -6.4355 8.4062 4.2375 4.8649 -3.8962 -3.3392 0.8728 -8.8151 -0.5154 
-1.5539 9.7322 -6.6543 0.5418 -3.444 -6.9459 8.5127 2.7943 -4.4943 -9.7876 -7.8355 -5.7776 -0.2218 -9.6722 -3.6262 -6.0656 
-1.4873 1.5463 0.495 1.7934 3.7595 1.4327 -8.6508 -8.8785 -8.2412 -0.8358 3.7224 0.1837 3.5942 -0.4419 2.4982 -4.1812 
6.5305 1.8074 1.9426 -2.8656 -5.1206 -2.0321 0.2719 2.299 -4.8438 0.9466 -7.9648 -1.7124 6.3181 -3.3478 8.1007 -4.4812 
-1.1942 2.3285 -3.653 3.1626 5.8984 -1.2205 5.5023 -4.2743 1.6598 -2.5842 4.7475 -7.2102 1.7056 4.7562 -3.9696 8.1338 
-3.9551 6.7271 -9.4849 8.0149 -5.306 -7.6322 -2.8085 3.4801 -9.7528 3.763 -3.064 -1.7421 5.6015 -0.6666 -7.9454 -2.8618 
-6.6074 5.3464 -7.8557 1.8297 -9.233 2.8734 -4.0793 4.9527 -4.5857 8.2791 1.6011 -7.9404 2.983 -2.9878 -6.6286 5.6612 
5.3436 -4.8947 -6.5146 2.9071 6.7362 2.9272 -8.0538 6.0019 0.8951 -3.8119 -8.3894 6.6123 -0.6732 -1.7745 -2.1325 -4.3638 
-6.5451 -9.054 8.7634 -9.7428 -6.1047 -7.2366 8.8565 9.3469 -0.7534 -1.2414 -9.9705 4.6835 0.8487 -5.6554 -9.1789 1.3273 
9.8799 -0.8812 8.6009 -9.9855 3.1501 7.3174 1.1041 -3.7272 -4.1193 -1.3068 -1.1277 -0.4314 -0.0014 5.5342 9.4799 -2.4883 
-3.5519 1.8725 2.4595 -1.1255 -9.8682 5.7752 -2.119 1.6062 -5.657 -6.3111 -9.9585 -1.7347 -3.8078 2.9602 4.5746 1.7248 
-2.1634 6.8239 -3.358 -5.7212 -7.256 -0.0532 -2.5984 1.5253 3.8477 3.2148 0.8593 6.6097 -8.3212 4.53 -4.9072 -6.2303 
-3.6165 -2.5106 -3.7571 3.4549 7.2596 7.2669 -4.6213 -8.6154 -1.3539 -3.8471 9.8827 6.5074 -5.3499 -3.2555 6.49 6.9294 
9.757 -6.0591 -8.5025 -1.6308 9.8342 -6.7654 4.1992 -6.945 -1.4289 -1.3193 5.8266 6.6189 -7.2427 -8.6077 -8.0159 9.4205 
-2.095 -2.1423 9.5858 -8.3832 -8.3416 0.9164 2.9949 -7.3727 7.8508 1.4797 9.3253 -3.7518 -7.3043 -0.5635 -6.7353 9.6979 
6.8602 -2.077 3.1166 5.3275 -0.5486 -9.601 0.3163 4.2943 4.5332 -4.8439 9.6383 3.2011 5.2947 6.3462 0.1124 0.7131 
Average: -0.42338218157200475

24: It's low triangle matrix. Dimension = 8
-0.0485 0 0 0 0 0 0 0 
-8.5719 7.5589 0 0 0 0 0 0 
-0.6101 -2.4075 5.6218 0 0 0 0 0 
-6.3254 -4.2696 -5.5383 -8.2485 0 0 0 0 
2.3722 -6.8559 -6.884 -3.1559 -3.9934 0 0 0 
6.1017 -3.2393 2.8177 -1.9561 -4.2994 6.9707 0 0 
6.7822 3.2831 9.1788 6.9208 -0.1061 2.9438 7.7519 0 
6.3065 7.0446 0.1329 8.1036 -7.5906 6.8616 3.7006 -8.8965 
Average: 0.2727556477606982

25: It's square matrix. Dimension = 19
-1.6362 9.8117 6.6016 -5.1292 9.7788 -0.868 -8.9311 5.7326 -1.986 -3.202 3.2786 -9.732 8.7474 3.4387 1.4167 1.6803 7.24 1.4964 -7.5211 
-7.7232 -3.9703 -3.0768 -6.6541 2.4459 -4.3027 0.976 6.0743 -1.2069 -9.2457 6.2143 -7.8793 -8.246 8.1317 -0.8046 1.8146 -1.1097 0.6451 -2.805 
9.0559 5.2014 8.5723 6.4362 6.964 9.248 3.355 -0.6724 -6.7955 -6.9585 -1.9077 -6.9746 7.0235 -0.4074 7.2664 6.171 6.4503 -7.8643 -1.7849 
6.3827 -8.8625 -6.1627 -7.2423 0.2151 -8.4873 -1.0689 3.4864 7.9607 6.1981 6.5593 -6.8602 -2.1623 -3.6026 -2.2691 -3.3545 -9.5548 -7.2806 -0.3316 
8.2599 -2.9609 -8.4644 6.6492 8.261 -6.2168 -4.1027 7.795 0.0216 0.4069 -5.6492 1.0547 3.5431 5.319 -8.8363 -8.2546 -1.4253 0.4875 -1.6637 
-6.7311 8.6081 -0.348 -9.5532 8.8664 2.2226 -6.2595 8.4055 -0.95 -8.6564 -7.7441 -4.8555 4.2799 -1.8004 4.749 8.7783 -6.9153 -8.4349 7.138 
6.4572 5.2521 -9.4603 5.2171 9.5894 1.3757 -2.2812 9.0751 -3.9162 -5.0067 7.8551 -9.9732 7.9985 1.6731 -1.23 -9.5381 2.7999 1.0023 -9.5605 
-6.2719 -1.9751 2.9122 -6.1763 3.8279 6.7934 -0.2981 -7.0114 -4.6576 -8.5411 -7.6118 1.8083 -1.8751 3.052 -7.8488 0.7646 1.9169 3.02 -3.054 
8.6505 -6.5506 -2.4028 -7.9943 -0.3992 5.8512 -5.7375 9.1916 -9.9962 -6.0017 8.8095 -1.2184 -5.5321 -3.3871 3.6524 -9.7654 -7.8304 0.7266 4.7956 
5.9283 -9.8002 -6.7842 1.0995 -1.2418 0.9753 3.7103 7.0955 -9.7164 9.4594 -9.9568 1.4975 -6.7576 3.4988 -5.6164 -1.6378 -3.634 8.7686 0.2356 
-3.9969 -2.9968 4.6732 1.7516 -9.7979 1.1686 4.3296 -8.7697 -7.925 3.4861 1.1938 3.7871 -9.0807 -4.2121 4.6098 2.4635 -8.2259 -6.291 8.1613 
9.3652 -4.0854 -0.7783 -7.097 9.9232 8.2143 -9.5912 -6.099 -6.5812 -2.9739 1.6067 1.3477 4.7642 -7.1658 -2.7849 -9.9832 -4.2025 9.0756 -6.3488 
8.6769 -4.9131 3.4537 5.0821 1.4161 2.6643 8.4738 0.0037 -7.6322 8.9381 -8.7606 5.9247 9.5925 -4.7462 -5.4569 1.2395 1.3204 -2.8829 2.3901 
-5.6886 -5.4064 -3.933 7.5908 9.5578 5.2554 5.168 -0.088 2.489 4.1126 5.3962 7.2111 0.4025 -3.1681 2.2106 -3.7165 -5.1755 -4.6837 8.776 
-1.4425 -5.2548 7.6691 -0.2058 -8.8644 9.7591 7.8291 5.5729 7.6608 -2.1246 0.0851 8.4296 8.9544 1.3703 -2.6549 -2.0241 -1.1937 -7.8726 6.1824 
-8.5786 5.1137 -7.0902 8.4768 -1.0104 -9.2962 8.633 -1.3818 0.1392 0.3014 1.7857 6.4026 -3.5147 -1.7901 -2.3306 1.0462 7.7484 1.4676 -2.0859 
-4.3865 -4.5928 -2.055 -6.7517 -0.6675 -5.6385 -7.7377 2.3428 3.3546 4.0787 9.9725 8.599 -4.0436 1.6725 -2.6605 -5.556 9.2273 7.1213 -6.2067 
4.1746 8.1225 5.5309 -0.5922 6.4543 -2.8491 8.4272 -9.7861 -3.4356 -4.8202 -6.7384 -5.0712 0.3986 -9.6075 -8.2494 -3.1704 -3.3209 5.29 -6.828 
-2.015 -7.3899 1.6246 6.0314 -8.2609 -1.78 -6.6134 -5.0739 4.1197 1.2578 5.5572 -6.077 5.5798 8.0223 -6.6474 3.0477 -9.5927 1.3368 4.8191 
Average: -0.23701988724529993

26: It's diagonal matrix. Dimension = 17
-0.9342 0 0 0 0 0 0 0 0 0 0 0 0 0 0 0 0 
0 8.3433 0 0 0 0 0 0 0 0 0 0 0 0 0 0 0 
0 0 6.9575 0 0 0 0 0 0 0 0 0 0 0 0 0 0 
0 0 0 -0.5643 0 0 0 0 0 0 0 0 0 0 0 0 0 
0 0 0 0 5.9103 0 0 0 0 0 0 0 0 0 0 0 0 
0 0 0 0 0 -3.9062 0 0 0 0 0 0 0 0 0 0 0 
0 0 0 0 0 0 3.2424 0 0 0 0 0 0 0 0 0 0 
0 0 0 0 0 0 0 -9.0284 0 0 0 0 0 0 0 0 0 
0 0 0 0 0 0 0 0 5.9906 0 0 0 0 0 0 0 0 
0 0 0 0 0 0 0 0 0 9.666 0 0 0 0 0 0 0 
0 0 0 0 0 0 0 0 0 0 -8.9261 0 0 0 0 0 0 
0 0 0 0 0 0 0 0 0 0 0 -2.0483 0 0 0 0 0 
0 0 0 0 0 0 0 0 0 0 0 0 8.1275 0 0 0 0 
0 0 0 0 0 0 0 0 0 0 0 0 0 9.9481 0 0 0 
0 0 0 0 0 0 0 0 0 0 0 0 0 0 0.9694 0 0 
0 0 0 0 0 0 0 0 0 0 0 0 0 0 0 -6.149 0 
0 0 0 0 0 0 0 0 0 0 0 0 0 0 0 0 -7.9174 
Average: 0.0681009385751631

27: It's diagonal matrix. Dimension = 7
-0.8215 0 0 0 0 0 0 
0 3.8485 0 0 0 0 0 
0 0 0.6625 0 0 0 0 
0 0 0 -7.2953 0 0 0 
0 0 0 0 -1.4341 0 0 
0 0 0 0 0 -8.2082 0 
0 0 0 0 0 0 0.3318 
Average: -0.2635965131448919

28: It's diagonal matrix. Dimension = 3
-6.9593 0 0 
0 0.071 0 
0 0 -0.0006 
Average: -0.7654399016161916

29: It's square matrix. Dimension = 14
-4.4551 -2.8638 -7.9268 -9.1777 -7.6632 -1.927 9.3496 8.9338 1.7143 4.3417 -9.7317 7.9517 -7.7521 -5.8201 
7.3206 -3.1684 -3.4469 1.8879 4.972 9.2813 0.7524 -7.9793 2.8478 2.8718 6.7728 0.9068 7.0903 -1.7251 
-8.1334 -4.0445 -8.2297 7.674 3.0399 4.1464 -0.6585 -7.4166 -9.3521 -0.6543 5.7113 5.3274 -3.5333 2.2767 
-2.548 -8.0174 -5.4171 6.9394 7.3684 8.3009 -4.9689 0.0279 5.9184 0.078 -4.6522 8.6829 5.6302 0.0151 
0.5516 5.2118 8.5789 -3.5988 1.9371 -0.9205 -3.3591 -7.9682 6.7653 7.9655 9.5876 8.5877 -3.8052 -2.8457 
5.2783 3.0956 4.9924 -8.6671 1.8824 1.2605 -3.1946 -9.6245 -7.7533 -2.7798 3.2617 2.2159 -0.3273 0.1256 
-4.3431 -7.487 8.0644 2.7747 9.3404 5.0472 -7.9238 0.287 -8.0841 -8.5914 -5.9102 7.1913 -4.5676 -2.2231 
-3.8127 -4.3143 8.5726 6.1465 -9.3038 0.871 0.5319 8.0514 -8.9873 5.9952 -4.0321 9.295 5.3623 -8.0015 
5.6883 1.0248 -4.6671 -7.1825 8.1028 4.3139 4.3761 9.5139 7.0654 5.9964 -1.4256 -7.8172 -8.9322 2.0752 
-4.9365 -2.8244 9.7786 1.252 8.3104 -2.6474 -4.2833 -3.7612 -6.9435 -5.9464 2.7866 -8.8026 -8.5755 0.0717 
-2.3109 -8.1934 6.697 1.1198 0.2525 -4.6057 7.4379 0.0483 -1.2064 0.2489 9.6687 -8.5221 -5.5839 -0.4635 
9.1903 -4.276 -0.2254 -8.9182 3.2468 -4.7258 7.7521 -7.7611 -8.6637 4.5452 3.5665 -8.3049 7.5533 -1.8436 
-7.025 0.0534 -8.9877 -9.5138 -9.174 9.0846 -8.3704 -0.6451 -6.7315 -5.4166 -8.2055 -9.4345 7.9225 2.418 
-0.7944 2.1183 0.5437 9.5261 -9.0917 4.4101 9.1965 -6.0353 -5.5245 -2.0533 5.6287 4.3639 -5.4738 -4.6847 
Average: -0.31270539482391463

30: It's low triangle matrix. Dimension = 15
2.4699 0 0 0 0 0 0 0 0 0 0 0 0 0 0 
-8.4642 -4.9443 0 0 0 0 0 0 0 0 0 0 0 0 0 
7.3862 -5.3266 -2.8984 0 0 0 0 0 0 0 0 0 0 0 0 
1.3675 2.6314 3.9737 -4.4185 0 0 0 0 0 0 0 0 0 0 0 
-3.6805 -2.9046 1.3255 -6.3956 4.3092 0 0 0 0 0 0 0 0 0 0 
-8.428 2.5017 3.3168 3.3822 8.1606 6.5482 0 0 0 0 0 0 0 0 0 
-5.7322 -2.021 -7.0876 -2.8226 -2.597 -5.1627 0.8666 0 0 0 0 0 0 0 0 
-0.0952 -9.0337 -8.8598 -2.0168 1.79 5.0007 -5.8858 2.6615 0 0 0 0 0 0 0 
9.1465 1.4465 -6.3719 -7.0644 -7.5607 -4.8954 -5.8524 9.5639 -6.9678 0 0 0 0 0 0 
8.8694 -2.7989 -9.2148 -5.0742 -2.8617 6.6669 1.1132 -6.7947 -4.6934 3.9322 0 0 0 0 0 
7.604 6.601 8.3805 1.3988 1.0207 6.2842 -3.0261 -1.1002 5.1735 -1.8752 -1.6742 0 0 0 0 
1.0112 -9.9782 9.8639 -8.9339 -9.2039 -4.3102 9.128 -1.5469 6.4809 -8.6894 -7.9476 2.3194 0 0 0 
3.9924 -6.1226 -7.047 -6.8466 2.8038 1.4897 -8.6349 2.6642 -2.7756 -1.2119 5.0476 -3.2441 0.7342 0 0 
3.664 -0.3381 -0.3838 -5.7859 3.7033 -4.1556 6.9137 -8.6229 9.958 -0.5463 5.838 -6.7502 -1.5919 2.3362 0 
4.8123 -9.3777 3.3626 7.8243 3.5894 -9.4481 -8.9783 0.7362 -5.4404 -4.2325 -5.5888 2.2726 0.3265 4.9791 1.2542 
Average: -0.41038146503770034

31: It's low triangle matrix. Dimension = 4
-2.7236 0 0 0 
9.8635 -9.4191 0 0 
9.2925 -9.665 -5.5576 0 
2.3156 4.9057 -2.8909 3.0272 
Average: -0.05322632807020089

32: It's square matrix. Dimension = 9
2.9903 -8.2276 -7.6549 2.5896 -3.6155 -1.229 -7.0683 5.8608 -7.9406 
7.1362 3.5248 -6.109 4.7076 -0.788 -0.8667 -2.3192 6.0248 8.8122 
-7.8199 8.2411 6.5339 9.2799 2.5968 -0.9175 -7.6369 -1.7084 -0.7205 
-5.7321 7.8966 7.7525 -1.5784 -7.3755 2.2693 9.8287 -7.9808 -7.3775 
2.9927 -5.3939 4.8483 -1.25 -0.5092 7.9532 -3.2561 6.3949 -9.8947 
7.744 2.7911 8.2388 -3.4751 -8.6904 -8.6618 2.697 -0.1977 -3.426 
6.8363 2.2829 -3.4079 2.7177 -5.4161 6.6944 3.4429 1.3268 -8.5531 
1.094 -3.7934 -5.6184 4.8982 7.693 1.2563 -2.9957 -5.3948 -7.8197 
4.4398 0.9207 -0.2988 -4.8268 -4.0146 8.6631 -3.0428 2.5632 -8.3519 
Average: -0.10395876827275943

33: It's diagonal matrix. Dimension = 17
1.7742 0 0 0 0 0 0 0 0 0 0 0 0 0 0 0 0 
0 -9.2702 0 0 0 0 0 0 0 0 0 0 0 0 0 0 0 
0 0 -5.3762 0 0 0 0 0 0 0 0 0 0 0 0 0 0 
0 0 0 -8.6507 0 0 0 0 0 0 0 0 0 0 0 0 0 
0 0 0 0 -7.3723 0 0 0 0 0 0 0 0 0 0 0 0 
0 0 0 0 0 -7.4906 0 0 0 0 0 0 0 0 0 0 0 
0 0 0 0 0 0 4.1452 0 0 0 0 0 0 0 0 0 0 
0 0 0 0 0 0 0 2.7321 0 0 0 0 0 0 0 0 0 
0 0 0 0 0 0 0 0 -4.4963 0 0 0 0 0 0 0 0 
0 0 0 0 0 0 0 0 0 -0.2324 0 0 0 0 0 0 0 
0 0 0 0 0 0 0 0 0 0 -0.6011 0 0 0 0 0 0 
0 0 0 0 0 0 0 0 0 0 0 -7.0176 0 0 0 0 0 
0 0 0 0 0 0 0 0 0 0 0 0 -0.8662 0 0 0 0 
0 0 0 0 0 0 0 0 0 0 0 0 0 -6.2198 0 0 0 
0 0 0 0 0 0 0 0 0 0 0 0 0 0 2.6574 0 0 
0 0 0 0 0 0 0 0 0 0 0 0 0 0 0 -7.1877 0 
0 0 0 0 0 0 0 0 0 0 0 0 0 0 0 0 7.8519 
Average: -0.15785570336883994

34: It's low triangle matrix. Dimension = 2
-1.2834 0 
-8.47 2.4709 
Average: -1.8206160657567847

35: It's low triangle matrix. Dimension = 18
-0.0149 0 0 0 0 0 0 0 0 0 0 0 0 0 0 0 0 0 
-1.2932 -8.7659 0 0 0 0 0 0 0 0 0 0 0 0 0 0 0 0 
2.7273 8.6244 -7.6978 0 0 0 0 0 0 0 0 0 0 0 0 0 0 0 
7.0701 -5.8319 -1.9391 2.3636 0 0 0 0 0 0 0 0 0 0 0 0 0 0 
7.1767 2.1049 -8.7335 6.1847 -4.2799 0 0 0 0 0 0 0 0 0 0 0 0 0 
-6.2132 -1.9953 -5.2617 -4.7427 6.0018 6.2489 0 0 0 0 0 0 0 0 0 0 0 0 
2.0499 1.3337 -2.1389 -4.8281 4.3645 -3.0891 4.3492 0 0 0 0 0 0 0 0 0 0 0 
4.9757 7.1266 9.5036 -0.3511 7.4512 8.7895 9.1995 3.7896 0 0 0 0 0 0 0 0 0 0 
2.0473 0.4852 2.7875 -0.6332 0.9974 3.2519 -2.6554 9.2346 1.2811 0 0 0 0 0 0 0 0 0 
8.5883 8.6812 3.5424 -9.2676 -8.9968 7.3291 -9.0783 9.1593 9.8955 -4.6024 0 0 0 0 0 0 0 0 
8.3647 -4.2232 3.8602 5.3378 -3.4234 3.6486 8.8056 0.4128 -6.5403 -4.7434 -4.266 0 0 0 0 0 0 0 
8.856 1.4325 6.2928 2.9303 -5.8707 -1.4805 -2.8838 4.392 -3.1498 -7.3858 -6.7818 9.6478 0 0 0 0 0 0 
-9.5115 9.867 -4.4638 7.0065 -3.3248 -7.1018 3.7721 1.3283 4.9737 -6.2844 -9.1274 -1.8011 0.0091 0 0 0 0 0 
8.4631 0.3044 4.6453 6.177 3.9419 3.2828 -1.3218 0.1903 -5.9223 2.8702 6.6646 -8.4327 3.8039 -9.4773 0 0 0 0 
0.4846 7.1448 3.9068 2.6625 -8.3726 -4.6239 -5.8553 6.8427 -5.9533 9.5627 5.057 -5.132 -8.4492 -9.0147 -2.6656 0 0 0 
-4.1053 8.3987 -6.2242 -9.8647 2.8894 -3.0079 -4.6825 -2.4502 5.7637 4.9306 -9.1622 5.7663 1.4455 -1.2352 -3.1774 -4.264 0 0 
-7.2014 -7.1253 7.572 -1.3087 -1.0098 7.4304 1.887 7.1079 4.4349 1.6087 1.4441 -0.7247 -4.1376 -4.9987 1.4373 -0.7398 -1.5049 0 
5.8156 5.007 -4.3575 -7.2543 -4.2867 2.8876 5.9815 6.803 -5.6411 -7.6876 -9.4251 7.1047 -8.6815 8.5413 2.6301 7.4639 -7.0397 -0.1284 
Average: 0.18083081205134832

36: It's diagonal matrix. Dimension = 11
1.9076 0 0 0 0 0 0 0 0 0 0 
0 5.22 0 0 0 0 0 0 0 0 0 
0 0 -0.3831 0 0 0 0 0 0 0 0 
0 0 0 -3.9776 0 0 0 0 0 0 0 
0 0 0 0 3.1447 0 0 0 0 0 0 
0 0 0 0 0 -8.1685 0 0 0 0 0 
0 0 0 0 0 0 -5.482 0 0 0 0 
0 0 0 0 0 0 0 5.3773 0 0 0 
0 0 0 0 0 0 0 0 5.7081 0 0 
0 0 0 0 0 0 0 0 0 8.9218 0 
0 0 0 0 0 0 0 0 0 0 1.5947 
Average: 0.11456900753748384

37: It's low triangle matrix. Dimension = 16
0.9298 0 0 0 0 0 0 0 0 0 0 0 0 0 0 0 
-5.3311 -0.3112 0 0 0 0 0 0 0 0 0 0 0 0 0 0 
1.5461 -5.4738 3.7096 0 0 0 0 0 0 0 0 0 0 0 0 0 
-5.7043 -7.0341 1.2385 -9.0559 0 0 0 0 0 0 0 0 0 0 0 0 
7.255 8.8943 9.2291 8.4398 -4.2871 0 0 0 0 0 0 0 0 0 0 0 
-7.8072 -8.9352 -5.4417 -9.053 -9.3604 -4.563 0 0 0 0 0 0 0 0 0 0 
1.1857 7.522 -5.5153 5.5644 2.6083 9.3352 -7.3457 0 0 0 0 0 0 0 0 0 
-1.6755 3.0527 6.1248 4.6365 -6.0624 1.7177 5.5529 -0.7614 0 0 0 0 0 0 0 0 
-3.9307 5.6713 6.3951 -8.5006 4.638 5.6511 8.818 8.0513 -8.4211 0 0 0 0 0 0 0 
-2.7959 -7.6892 -3.6324 5.7207 5.8906 8.9709 0.7829 -6.5419 8.8518 -0.0173 0 0 0 0 0 0 
-5.217 3.8907 6.2007 8.6784 -5.8384 8.9926 -0.1309 -6.1759 -5.2741 0.9991 3.21 0 0 0 0 0 
4.0006 5.843 -3.8445 0.3606 -5.1391 3.7402 -9.0765 -1.0685 8.9252 2.5649 -6.0602 9.2761 0 0 0 0 
6.3777 -0.7328 9.6554 -7.8231 7.2274 9.3466 -3.5868 4.3911 -9.1612 4.0611 2.245 3.1028 -9.0318 0 0 0 
7.4742 9.9503 -9.1334 -3.0495 -6.4806 -8.619 0.7861 -1.9331 -5.2128 -1.4317 -5.4658 -2.8337 -4.6424 0.1768 0 0 
-5.8747 1.5164 2.4596 2.4678 1.8059 -0.4291 3.1691 3.605 1.3897 -1.6872 7.3001 3.4619 0.3108 -0.4643 -1.1503 0 
3.2891 -1.1363 -9.7246 5.4367 7.581 8.6857 9.3147 6.1468 -0.0025 -2.7447 5.356 2.0721 -4.2234 -9.1876 2.9952 -0.403 
Average: 0.22885101274817082

38: It's diagonal matrix. Dimension = 14
-6.4721 0 0 0 0 0 0 0 0 0 0 0 0 0 
0 3.0314 0 0 0 0 0 0 0 0 0 0 0 0 
0 0 -0.6217 0 0 0 0 0 0 0 0 0 0 0 
0 0 0 6.6565 0 0 0 0 0 0 0 0 0 0 
0 0 0 0 -5.4777 0 0 0 0 0 0 0 0 0 
0 0 0 0 0 7.1295 0 0 0 0 0 0 0 0 
0 0 0 0 0 0 5.4607 0 0 0 0 0 0 0 
0 0 0 0 0 0 0 -0.1224 0 0 0 0 0 0 
0 0 0 0 0 0 0 0 -0.2707 0 0 0 0 0 
0 0 0 0 0 0 0 0 0 -8.0072 0 0 0 0 
0 0 0 0 0 0 0 0 0 0 -6.7375 0 0 0 
0 0 0 0 0 0 0 0 0 0 0 5.5404 0 0 
0 0 0 0 0 0 0 0 0 0 0 0 -7.8169 0 
0 0 0 0 0 0 0 0 0 0 0 0 0 -1.996 
Average: -0.04950757217290386

39: It's low triangle matrix. Dimension = 12
8.0023 0 0 0 0 0 0 0 0 0 0 0 
9.7827 4.2701 0 0 0 0 0 0 0 0 0 0 
8.9396 3.7902 -4.6928 0 0 0 0 0 0 0 0 0 
2.3412 3.5362 -2.5779 9.2376 0 0 0 0 0 0 0 0 
-8.8653 -5.4687 8.1999 -9.7663 7.043 0 0 0 0 0 0 0 
2.0418 7.1091 6.1104 3.0963 -2.6638 5.8805 0 0 0 0 0 0 
-0.418 0.2257 -0.535 2.0422 4.2189 -8.5979 1.308 0 0 0 0 0 
-2.237 -4.8352 -8.36 -6.0121 3.9497 -1.7204 6.8184 -4.4351 0 0 0 0 
-0.6466 4.3667 -3.3403 9.9328 1.3237 -4.805 9.6435 -9.8831 5.3303 0 0 0 
-4.3971 9.5934 9.4247 4.8862 -1.8108 5.8153 6.5444 1.9208 2.1934 -5.7907 0 0 
-6.7821 3.7312 -1.1471 1.9766 3.5714 -8.9779 5.2795 -7.8539 -9.6022 -5.5097 3.5245 0 
-9.5911 -8.2991 7.2319 4.1474 -8.3285 -6.3448 9.4895 7.2326 -1.3116 -3.1978 -2.2656 2.0468 
Average: 0.3200016721872279

40: It's low triangle matrix. Dimension = 10
0.8236 0 0 0 0 0 0 0 0 0 
2.0513 -2.178 0 0 0 0 0 0 0 0 
5.8983 -6.6832 -1.8536 0 0 0 0 0 0 0 
-4.9623 -4.3941 4.6671 -9.4331 0 0 0 0 0 0 
-8.5768 -9.9665 6.1366 9.7111 -0.1974 0 0 0 0 0 
0.6163 3.313 9.5283 1.2131 3.6932 4.1619 0 0 0 0 
0.3688 3.6383 2.2231 -8.1604 3.8227 9.4283 4.7628 0 0 0 
-3.9957 -7.5392 -2.6116 -4.4409 9.7754 3.9518 6.681 3.8643 0 0 
-4.923 6.0222 5.469 -8.6107 5.8816 0.5897 6.7126 7.3268 -1.5089 0 
-5.7618 6.3717 2.8653 -1.1257 -4.3648 1.7309 8.1806 5.1244 3.917 -7.7791 
Average: 0.5145529659827089

41: It's diagonal matrix. Dimension = 8
-3.1305 0 0 0 0 0 0 0 
0 1.9931 0 0 0 0 0 0 
0 0 -2.0924 0 0 0 0 0 
0 0 0 -1.9682 0 0 0 0 
0 0 0 0 -2.7929 0 0 0 
0 0 0 0 0 -6.973 0 0 
0 0 0 0 0 0 5.0705 0 
0 0 0 0 0 0 0 6.2285 
Average: -0.05726545332987798

42: It's square matrix. Dimension = 3
-1.4221 -8.9814 -3.9401 
-4.0749 8.9523 -1.459 
4.1681 -6.9321 9.4194 
Average: -0.4744132616771378

43: It's square matrix. Dimension = 20
-4.1329 6.9173 1.3511 3.1851 -0.0912 -3.6239 7.1178 6.4722 8.704 6.9679 2.1064 5.7586 6.5452 2.5178 7.786 -0.967 3.6717 -4.0454 -8.567 -8.2133 
-2.5413 -0.1564 8.8288 9.9765 -5.9737 -3.4308 -9.626 -0.6674 4.1417 -6.7481 -9.1021 7.3384 -3.7431 7.9205 -1.5942 7.8159 4.1734 -9.8577 -6.2586 0.904 
-1.6792 2.4641 -6.5389 2.4031 -7.4018 7.6149 -6.0476 -8.3139 -6.0365 -7.3539 3.5963 5.459 -9.8416 -9.0789 -4.2174 7.0658 -4.1181 -2.2722 -3.8735 -0.2277 
5.1264 9.656 -3.2722 -9.0609 -2.8008 2.2183 -9.4139 3.1126 7.5046 -4.296 -3.7798 9.2184 7.1424 -6.3041 -3.8064 9.7076 -9.5947 -7.2217 -5.4765 -4.6979 
-2.4068 -5.8744 -3.0178 0.583 4.1608 -8.3794 -5.797 -5.5035 -3.5105 -9.331 -2.9943 -2.7468 6.2295 4.4224 1.9547 -6.4797 -2.6522 -0.6108 -0.7426 4.2228 
-6.4462 -7.0721 -4.6126 -2.199 -9.4883 -6.487 1.2066 7.547 -7.5304 -6.7666 5.43 8.1981 -1.2601 -3.3497 -1.8266 6.4798 -8.1989 -0.3723 -5.4474 1.326 
-1.4243 6.3956 -9.4279 -5.1841 -9.2651 -2.3021 3.11 9.9331 9.3486 -6.8575 0.5071 -2.2464 5.0465 9.955 -8.3052 1.8331 -8.8155 0.7617 3.592 -2.5778 
-9.1184 0.6795 9.4678 1.8055 -3.1203 -1.0739 -8.6042 -3.4487 -1.7996 1.0818 0.1574 -8.2384 8.4309 -3.6157 3.8809 -5.2271 -8.226 -3.9859 -9.287 1.4701 
5.428 -9.4569 6.7861 2.2883 4.3468 -1.7687 -9.9672 -7.7917 1.195 -5.9579 2.3357 -0.3374 0.8007 9.8783 3.8979 -9.0828 3.4292 3.6848 -1.5372 8.1097 
-9.9172 2.4032 9.4129 4.0124 -6.5666 5.7802 -7.5608 -8.4908 1.0927 4.3029 3.7258 1.0021 -7.8564 2.2213 -7.9911 3.5017 1.7379 -2.4249 0.9586 7.0655 
5.8802 -6.3666 -6.6726 2.3176 5.1864 7.741 -9.5677 2.2899 -9.656 5.7922 9.9206 4.1928 -8.4772 -9.5511 -3.2403 -0.3512 -1.3826 2.0462 1.2878 1.9432 
7.6457 7.0124 -9.5826 -6.934 4.0748 -1.4221 -3.2236 0.9707 3.913 -0.6689 5.9151 2.3501 4.0282 8.7638 -6.4696 5.0037 -9.45 -8.0496 -8.9685 4.2675 
4.0803 0.1937 -0.4332 -1.3943 -8.8865 -4.1699 -4.0488 -3.7564 -8.3354 -2.0077 8.5806 -7.346 7.662 2.7289 -8.9577 -4.8392 -3.682 -7.3895 5.3583 2.4439 
-6.2364 4.1017 3.7353 -3.7469 -6.1209 -9.8614 -8.6968 -6.8992 4.7316 2.981 -0.9692 6.2758 0.0228 4.4745 -8.5962 -3.2496 0.1089 2.4419 6.7541 -7.094 
-7.5051 -7.5353 -1.391 4.3064 -3.4971 7.8357 -5.588 2.7824 3.4062 -6.4006 3.2849 3.6454 -3.2331 1.9962 -2.6372 7.0092 7.202 3.7761 3.9811 -8.7833 
-9.5411 3.486 6.5284 0.4743 3.86 0.0757 -1.4692 3.5278 1.3254 -8.1605 -1.5699 -5.2307 -2.7818 -6.8652 1.8714 -3.1316 -2.3768 -3.3309 -3.8084 0.5927 
-1.0585 0.1897 -1.6566 6.5036 -6.4232 1.2517 -5.1559 4.5637 1.8116 6.0956 6.5417 -6.4115 -5.3834 -3.2577 -4.2673 -4.4881 9.2039 -5.0366 7.5741 -8.2835 
0.1312 -8.7149 4.2622 -5.7332 8.3774 -1.9499 -7.602 -9.6294 7.9952 5.4912 -1.0659 -4.7207 -5.7193 3.8292 -5.2777 4.7135 1.7846 -3.553 -9.3717 -8.5098 
-7.0906 -9.2451 2.1897 -0.5139 2.1311 2.2346 5.9535 3.0388 0.4765 5.0166 -9.5891 -8.7568 -5.6555 1.2263 -9.7445 -3.2855 5.6938 -5.3867 -6.2727 9.3113 
-3.2503 0.9522 1.05 8.332 -0.776 -5.7703 -9.8051 8.0092 0.3147 -2.1956 -0.1783 0.7837 5.3744 7.3289 -3.9003 -3.5881 -9.6616 -0.4809 4.9515 -0.6028 
Average: -0.8016425329496076

44: It's low triangle matrix. Dimension = 14
0.6143 0 0 0 0 0 0 0 0 0 0 0 0 0 
6.4381 5.0092 0 0 0 0 0 0 0 0 0 0 0 0 
5.7152 1.8309 2.5789 0 0 0 0 0 0 0 0 0 0 0 
8.5601 4.9656 -1.8413 -4.7974 0 0 0 0 0 0 0 0 0 0 
-7.8954 1.9651 3.9247 -8.889 3.0578 0 0 0 0 0 0 0 0 0 
4.2225 0.2027 -8.1649 -7.105 -4.0499 0.2405 0 0 0 0 0 0 0 0 
-1.9107 0.5008 3.7602 6.0607 -7.7432 -8.5323 0.731 0 0 0 0 0 0 0 
-3.7262 8.2477 -3.348 5.5474 9.6089 -9.4429 -9.9495 -3.399 0 0 0 0 0 0 
-9.9266 7.6857 8.2031 8.2419 -4.1723 4.5329 1.5175 3.8986 9.7401 0 0 0 0 0 
-2.7965 6.9748 -5.44 8.3108 3.7585 3.3564 -9.912 -1.5133 4.9497 5.7545 0 0 0 0 
-8.6656 0.564 4.3497 -5.9956 -1.0152 -1.7336 -5.396 8.378 5.4437 8.0185 -1.8112 0 0 0 
-3.9032 2.0451 -8.3491 8.8694 8.6405 4.0676 1.8559 -2.4342 -1.7026 0.5399 7.6235 -2.3207 0 0 
-0.7057 -5.8271 -5.0674 4.1181 0.9701 1.0029 -3.6691 -6.6405 4.0902 9.1346 7.3876 6.1901 4.0057 0 
3.1845 4.0301 -6.719 -6.7318 -2.8027 5.0653 3.6219 -1.3397 8.0563 -0.5225 -5.984 -1.1932 -9.0638 -5.2205 
Average: 0.26831868631617073

45: It's diagonal matrix. Dimension = 2
5.3039 0 
0 -4.1554 
Average: 0.28712150363619293

46: It's low triangle matrix. Dimension = 10
-7.905 0 0 0 0 0 0 0 0 0 
6.0814 4.4228 0 0 0 0 0 0 0 0 
6.7877 -6.6045 -3.4176 0 0 0 0 0 0 0 
8.3201 9.2543 9.3357 -7.3288 0 0 0 0 0 0 
-8.9171 -4.087 -1.8383 8.9219 -8.9793 0 0 0 0 0 
3.1236 2.3742 2.6543 3.667 -4.5052 -4.653 0 0 0 0 
-8.5171 -6.636 -2.3493 1.6754 7.5787 -8.8215 -3.3725 0 0 0 
-6.8352 2.6589 -0.8214 3.5165 1.2021 -9.7205 -2.496 0.2791 0 0 
3.7783 1.3073 -7.8294 -5.7309 -6.7213 -5.9102 2.9903 -8.1811 -2.0185 0 
4.7517 -7.6058 -1.4331 0.836 -7.7592 -9.7543 -4.9008 8.7614 3.3422 0.1582 
Average: -0.6787133261787309

47: It's low triangle matrix. Dimension = 8
-8.4151 0 0 0 0 0 0 0 
-2.7636 3.9518 0 0 0 0 0 0 
-4.8761 -6.8766 -7.8405 0 0 0 0 0 
-4.7013 2.5928 1.8319 8.1355 0 0 0 0 
-3.1732 1.7997 -2.5549 -1.5007 5.721 0 0 0 
4.449 7.5878 -8.6693 8.004 5.6709 2.9705 0 0 
-2.2843 -7.3132 4.0051 -1.3098 7.6101 -9.762 -5.8762 0 
7.9571 -5.6416 2.7151 -9.7441 2.7789 7.5343 -9.0319 -5.8466 
Average: -0.35727700393920914

48: It's low triangle matrix. Dimension = 14
-5.4227 0 0 0 0 0 0 0 0 0 0 0 0 0 
-3.6734 9.3568 0 0 0 0 0 0 0 0 0 0 0 0 
3.4553 -0.1545 6.2077 0 0 0 0 0 0 0 0 0 0 0 
1.0895 1.7318 -5.5617 6.9166 0 0 0 0 0 0 0 0 0 0 
0.2688 -2.8244 -6.0389 0.3059 6.6485 0 0 0 0 0 0 0 0 0 
9.7394 6.1843 6.1166 -6.9724 -7.287 0.9608 0 0 0 0 0 0 0 0 
-9.1881 5.6345 -8.8384 1.3152 -1.8212 4.3336 -4.7117 0 0 0 0 0 0 0 
5.7772 6.2357 -4.652 6.0567 -3.2752 -7.7847 -7.2873 -9.8465 0 0 0 0 0 0 
-7.509 5.0156 -8.2944 -9.2644 2.8348 0.9627 -9.8006 5.1293 6.1448 0 0 0 0 0 
-9.096 0.448 5.3155 -6.4537 8.6286 6.4598 -8.7803 -2.1858 -1.7206 8.4737 0 0 0 0 
-6.526 -3.8535 0.0716 -3.4416 0.6016 -0.2017 4.4345 -4.0916 -9.4609 0.6491 -3.5094 0 0 0 
9.6417 -2.7708 -2.9432 -3.5892 1.4584 -7.3146 -8.2229 -2.9774 1.5687 -0.8219 -8.3997 2.4785 0 0 
1.9369 -1.172 0.5064 7.3669 -8.8795 5.4511 9.9426 -0.8385 5.4984 -5.0978 -6.0109 6.6807 -0.2957 0 
-7.1331 3.7742 -8.3826 -7.3032 -3.3908 8.068 -6.2571 0.0551 -2.0843 -7.5042 -1.1449 8.1758 3.1557 -5.9653 
Average: -0.4018635348670624

49: It's low triangle matrix. Dimension = 6
-8.154 0 0 0 0 0 
0.3502 3.6882 0 0 0 0 
2.0042 -0.4889 1.1271 0 0 0 
5.7601 -8.0258 4.9894 7.0701 0 0 
8.2487 4.0796 -6.165 9.161 -7.9843 0 
2.5357 -9.8196 -3.0582 7.0639 7.4147 -5.2732 
Average: 0.4034376051591774

50: It's square matrix. Dimension = 19
9.1599 -6.7122 -1.2449 -1.3173 -9.3581 5.099 7.4902 1.4271 -1.9336 9.3471 -7.2537 1.496 -6.4619 7.8504 -8.0656 -7.9181 4.1114 6.9386 -2.0949 
-5.0252 -0.3363 -1.0457 1.1077 4.2482 -5.3981 -1.6418 7.3828 4.1728 -9.5937 6.5349 -2.3258 2.6502 7.2545 -1.2527 3.8125 9.0984 1.8303 -2.5401 
4.0651 -5.8635 1.2997 5.661 -0.4328 -8.0697 7.7852 -0.6069 -6.3762 -4.8108 -9.68 -6.0037 6.2743 7.8444 1.384 -7.2057 5.3767 -1.2086 8.7088 
8.6302 5.223 0.9624 -9.8313 0.1531 -9.6417 4.4189 1.6215 -0.219 2.4433 -3.6442 -7.222 5.4083 6.4994 -1.2227 -1.3887 2.5158 -0.0022 6.4868 
3.8784 -6.5709 2.4701 9.0789 -8.0233 3.6675 6.234 2.7651 7.0811 0.7783 4.4251 -0.5305 5.7778 5.175 -1.4485 8.4416 -8.1974 0.9013 8.4305 
7.4168 9.4673 3.4139 -0.9932 7.3674 5.3915 0.0418 5.7607 -9.6417 2.5147 2.1437 2.4995 -5.6803 -1.4677 -3.1124 -2.4258 1.4932 -9.5564 2.4341 
-1.0939 5.303 5.9337 -6.9923 9.5057 2.6466 0.0847 -1.1267 7.2676 3.2796 4.0628 -6.9497 2.4093 3.003 -9.9052 -4.6774 6.8965 4.0669 1.3026 
1.9057 4.6076 -2.4014 -6.1809 -3.4782 -7.7707 4.1653 -8.4816 9.0594 -2.7184 -0.368 0.6863 9.9055 6.7883 2.0035 -2.1623 9.9471 -1.4565 5.504 
-4.9305 -6.635 2.0205 7.9377 3.1652 9.6492 5.3591 -3.2362 -1.8407 -7.9197 -9.2826 4.9994 -8.1084 -5.361 5.904 -4.6304 0.1016 -8.9105 6.2411 
-9.95 4.7249 9.5905 -0.691 7.2879 -9.0154 -4.4295 -2.232 -9.5598 -2.8673 -9.4487 7.1209 -4.7295 -6.7489 -2.2542 -6.8243 -7.0017 3.2921 -8.793 
-1.8552 -8.4859 -7.7628 1.2011 7.0757 2.2233 2.2842 4.8524 -7.9367 0.0646 -3.8344 7.2048 8.975 -1.3489 3.0495 -0.8053 -0.1403 5.0694 1.5659 
7.9261 -1.8978 -4.4038 2.7821 -7.0749 6.3972 -2.3291 5.0492 7.6208 -8.706 -5.8701 0.2372 6.7665 9.1716 -4.2537 7.6766 1.9733 -7.7849 5.6245 
7.3136 6.4296 2.1131 5.0863 3.1381 1.814 8.9159 -6.8037 -7.6784 5.6266 7.4822 -9.3131 8.26 -7.3804 -0.7868 0.9884 8.2039 -2.6504 5.3051 
-1.0205 3.243 5.4857 -4.9724 -3.3251 1.5549 1.6068 -6.4415 7.3441 -7.9042 -1.2909 9.23 -2.2342 -4.1795 4.8959 3.3288 6.4808 5.5233 -7.8869 
6.268 -3.4328 -4.918 8.4451 5.2 -4.9323 6.807 -3.4198 -1.1948 -3.4559 4.2848 -3.0125 -0.6369 7.1797 1.344 4.7984 0.9647 -3.6832 -4.5657 
1.549 -9.0353 -9.5969 3.2757 5.1837 1.0224 1.9535 9.2823 -1.8263 3.42 -2.9798 1.4023 -8.3489 -7.407 -5.3087 -8.1606 -8.4058 9.9171 -1.5302 
-1.3558 -6.9491 8.3491 3.8923 -5.2425 -4.9831 7.8556 4.254 -6.0508 0.5323 3.4994 -3.583 5.6147 9.9524 -2.0457 -3.9798 5.1255 4.3986 -4.2517 
-8.3854 -8.6761 -0.8058 2.1144 5.4027 -8.6457 -2.0258 -0.4563 9.69 8.1447 -1.3234 -0.027 -4.0773 -2.112 -4.0431 6.3914 -1.8819 -7.743 1.9541 
-9.371 -2.2589 2.8138 5.4211 4.0604 0.906 8.9921 1.867 -2.5764 3.2007 3.5827 9.4389 -7.4568 4.6752 -2.808 -0.7471 -6.2037 0.0169 -3.2373 
Average: 0.3819474169867628


Time: 0.0422 s
